{
  loop: 38535.59098593425,
  toArray: 8790.12212892808,
  sort: 15201.933748894371,
  write: 1885.712732039392
}

